 85
 1   1   1   1   0.401672321220E+01
 1   2   2   1   0.375298634378E+01
 1   2   1   2   0.263736868425E+00
 1   3   3   1   0.370011890749E+01
 1   3   2   2   0.647491214575E-01
 1   3   1   3   0.210869432137E+00
 1   4   4   1   0.375298634378E+01
 1   4   3   2  -0.647491214575E-01
 1   4   2   3   0.129498242915E+00
 1   4   1   4   0.105134559561E+00
 1   5   5   1   0.401672321220E+01
 1   5   4   2  -0.263736868425E+00
 1   5   3   3   0.210869432137E+00
 1   5   2   4  -0.105134559561E+00
 1   5   1   5   0.210269119121E+00
 2   1   2   1   0.263736868425E+00
 2   1   1   2   0.375298634378E+01
 2   2   3   1   0.647491214575E-01
 2   2   2   2   0.393742205777E+01
 2   2   1   3   0.647491214575E-01
 2   3   4   1  -0.647491214575E-01
 2   3   3   2   0.385872121636E+01
 2   3   2   3   0.131568277705E+00
 2   3   1   4   0.129498242915E+00
 2   4   5   1  -0.263736868425E+00
 2   4   4   2   0.393742205777E+01
 2   4   3   3  -0.131568277705E+00
 2   4   2   4   0.368871427986E+00
 2   4   1   5  -0.105134559561E+00
 2   5   5   2   0.375298634378E+01
 2   5   4   3  -0.647491214575E-01
 2   5   3   4   0.129498242915E+00
 2   5   2   5   0.105134559561E+00
 3   1   3   1   0.210869432137E+00
 3   1   2   2   0.647491214575E-01
 3   1   1   3   0.370011890749E+01
 3   2   4   1   0.129498242915E+00
 3   2   3   2   0.131568277705E+00
 3   2   2   3   0.385872121636E+01
 3   2   1   4  -0.647491214575E-01
 3   3   5   1   0.210869432137E+00
 3   3   4   2  -0.131568277705E+00
 3   3   3   3   0.412185777176E+01
 3   3   2   4  -0.131568277705E+00
 3   3   1   5   0.210869432137E+00
 3   4   5   2  -0.647491214575E-01
 3   4   4   3   0.385872121636E+01
 3   4   3   4   0.131568277705E+00
 3   4   2   5   0.129498242915E+00
 3   5   5   3   0.370011890749E+01
 3   5   4   4   0.647491214575E-01
 3   5   3   5   0.210869432137E+00
 4   1   4   1   0.105134559561E+00
 4   1   3   2   0.129498242915E+00
 4   1   2   3  -0.647491214575E-01
 4   1   1   4   0.375298634378E+01
 4   2   5   1  -0.105134559561E+00
 4   2   4   2   0.368871427986E+00
 4   2   3   3  -0.131568277705E+00
 4   2   2   4   0.393742205777E+01
 4   2   1   5  -0.263736868425E+00
 4   3   5   2   0.129498242915E+00
 4   3   4   3   0.131568277705E+00
 4   3   3   4   0.385872121636E+01
 4   3   2   5  -0.647491214575E-01
 4   4   5   3   0.647491214575E-01
 4   4   4   4   0.393742205777E+01
 4   4   3   5   0.647491214575E-01
 4   5   5   4   0.375298634378E+01
 4   5   4   5   0.263736868425E+00
 5   1   5   1   0.210269119121E+00
 5   1   4   2  -0.105134559561E+00
 5   1   3   3   0.210869432137E+00
 5   1   2   4  -0.263736868425E+00
 5   1   1   5   0.401672321220E+01
 5   2   5   2   0.105134559561E+00
 5   2   4   3   0.129498242915E+00
 5   2   3   4  -0.647491214575E-01
 5   2   2   5   0.375298634378E+01
 5   3   5   3   0.210869432137E+00
 5   3   4   4   0.647491214575E-01
 5   3   3   5   0.370011890749E+01
 5   4   5   4   0.263736868425E+00
 5   4   4   5   0.375298634378E+01
 5   5   5   5   0.401672321220E+01
 0   0   0   0   0.000000000000E+00
